-1.52222320e-01  4.49578650e-02  7.33137354e-02 -6.69116974e-02
 -4.15084027e-02 -1.07867636e-01 -2.18155906e-02 -1.25833333e-01
  1.80693209e-01 -1.38671756e-01  1.68518141e-01 -4.70163301e-02
 -1.95137829e-01 -1.32919192e-01  2.90035345e-02  9.06642675e-02
 -1.29868060e-01 -8.63782093e-02 -6.32727221e-02 -1.02706432e-01
  2.40803380e-02  2.86556985e-02  4.57119457e-02  8.38733390e-02
 -1.36537731e-01 -2.95781612e-01 -7.39682466e-02 -1.36250243e-01
  5.28901145e-02 -2.56907865e-02  5.04316241e-02  2.80856825e-02
 -1.88675016e-01 -8.13573599e-02 -3.21066938e-02  6.36301115e-02
 -2.33661160e-02  2.27471814e-04  1.84890985e-01 -4.29216251e-02
 -1.73455894e-01 -4.33134437e-02  2.39055455e-02  1.86799467e-01
  1.72618926e-01  9.72333103e-02  2.21722424e-02 -1.06574953e-01
  1.53649494e-01 -2.18141764e-01  6.00406826e-02  8.88114870e-02
  8.16094726e-02 -1.31797828e-02  2.07439214e-01 -1.11937210e-01
  5.72015494e-02  6.28985912e-02 -2.31319413e-01  2.34845746e-02
  2.78258063e-02  3.27795148e-02 -6.90441113e-03  1.51358536e-02
  2.16646552e-01  7.59414956e-02 -5.25363870e-02 -9.60911587e-02
  2.04988807e-01 -2.09686950e-01 -4.68133315e-02  1.73222423e-01
 -2.74822898e-02 -1.39990583e-01 -3.05937499e-01  2.38771811e-02
  3.84974271e-01  1.64967015e-01 -1.05646111e-01  4.47866507e-02
 -4.60424908e-02 -5.71798645e-02  1.33080050e-01  1.18809901e-02
 -1.21354908e-01 -3.08761261e-02 -4.67658788e-02  1.68497581e-02
  1.42272308e-01  4.11720723e-02 -4.23083715e-02  1.93956256e-01
  4.73049283e-02  5.31721395e-03  1.41065912e-02 -1.45212365e-02
 -1.11070625e-01  2.38119494e-02 -9.71134752e-02 -2.64157131e-02
  1.69191688e-01  3.20586450e-02  6.78115338e-02  1.03586555e-01
 -1.86320990e-01  1.22313909e-01 -4.82700951e-02 -7.14758858e-02
 -6.73720427e-03  5.56037538e-02 -1.31204024e-01  2.21725320e-03
  1.02544181e-01 -2.61997461e-01  1.68897614e-01  9.52343792e-02
 -4.82089259e-02  1.00775436e-01  3.43269929e-02  2.16650013e-02
 -4.85622976e-03 -2.88717523e-02 -1.12386167e-01 -1.03611343e-01
  1.04013100e-01 -7.15102404e-02  1.31485850e-01  1.53987128e-02