-0.11906753  0.05935616  0.03385184 -0.04916465 -0.08302701 -0.05520535
 -0.01215995 -0.05131586  0.20829518 -0.10936877  0.18281125 -0.04339547
 -0.23016995 -0.08551005  0.02404966  0.12055623 -0.15531819 -0.08121426
 -0.12334967 -0.12358958  0.02747481  0.05756215  0.01053229  0.00079675
 -0.14590365 -0.3558712  -0.00370217 -0.09022363  0.04383014 -0.04730751
  0.04998877  0.07806712 -0.18222463 -0.06342633  0.02697993  0.13718376
 -0.04652745 -0.02054225  0.20980483 -0.02543521 -0.15935136 -0.07814745
  0.01919978  0.21470612  0.13821714  0.09276831 -0.02818395 -0.08593386
  0.19794291 -0.28174818  0.02746621  0.14700174  0.06906647  0.01515031
  0.20431241 -0.11819488  0.07535985  0.08483824 -0.23989815 -0.03759659
  0.01579548 -0.02368835 -0.01320131 -0.07831377  0.24764544  0.07323152
 -0.07685839 -0.0180779   0.1849743  -0.15297328 -0.02276001  0.05430186
 -0.03085112 -0.16818008 -0.30990848  0.0170026   0.40356636  0.14343831
 -0.15906315  0.01676108  0.01080412 -0.07147512  0.15284431  0.01627416
 -0.14685713 -0.02430345 -0.0634701   0.01569528  0.18934789 -0.0050447
 -0.01211553  0.17626578  0.01862298  0.03477251  0.03262549 -0.04585555
 -0.12388358 -0.0090994  -0.1206569   0.01092302  0.14556625 -0.08485051
  0.03053186  0.0961412  -0.16879956  0.09956485 -0.01835662 -0.06749897
  0.01237191  0.02251849 -0.14209659 -0.04973851  0.1455465  -0.22863363
  0.20275849  0.11801273 -0.07776482  0.16968222  0.04456856  0.07021781
 -0.03852475  0.0124137  -0.1272001  -0.12984586  0.07471874 -0.03244541
  0.07163689  0.00669361