-1.43614560e-01  2.22235434e-02  6.81453571e-02 -4.76213619e-02
 -5.72773404e-02 -1.17138565e-01 -2.17537470e-02 -8.74860287e-02
  1.80825710e-01 -1.06066659e-01  1.42528459e-01 -1.84065849e-02
 -1.24650061e-01 -1.28589049e-01 -2.86928378e-02  9.15252119e-02
 -1.10001020e-01 -1.20209590e-01 -1.03517897e-01 -1.34795278e-01
  4.97389883e-02  4.80419360e-02  7.23906308e-02  2.67868936e-02
 -1.61011174e-01 -3.04573834e-01 -7.23653510e-02 -1.41788483e-01
  8.16456378e-02 -3.29959653e-02 -7.49605801e-03  6.33972511e-03
 -2.30612472e-01 -1.00393757e-01  2.16266438e-02  1.08333513e-01
  2.35328078e-02  1.36562483e-02  1.46912605e-01  4.74944245e-03
 -1.58549264e-01 -5.38589060e-02  4.23818454e-02  1.93226397e-01
  1.62003338e-01  1.24308892e-01  6.84105419e-03 -7.03218281e-02
  1.50505096e-01 -2.06067592e-01  9.47038233e-02  7.72405416e-02
  8.10425431e-02  7.42918346e-03  1.80265158e-01 -9.76818651e-02
  6.47417530e-02  5.41909933e-02 -2.08886564e-01  1.95954554e-02
  2.05053966e-02  9.13334638e-03 -8.76727849e-02  1.00920983e-02
  1.59882411e-01  1.16269335e-01 -1.32691208e-03 -1.34583130e-01
  2.04033241e-01 -2.09628865e-01 -2.55927257e-02  1.12604052e-01
 -3.42117287e-02 -9.92969126e-02 -2.65300214e-01  5.00610098e-04
  4.36859310e-01  1.59291983e-01 -1.14852428e-01  4.75495234e-02
 -2.95486525e-02 -1.81610174e-02  1.24177754e-01 -3.01068164e-02
 -1.36257887e-01  7.55953267e-02 -7.75159448e-02  4.68167812e-02
  1.45868927e-01 -3.29036266e-05 -4.07542288e-02  1.31148219e-01
  1.57130286e-02  4.14727479e-02  4.97133359e-02 -3.33186686e-02
 -1.09420732e-01  3.79667468e-02 -1.18941464e-01 -4.90484908e-02
  1.77170813e-01  2.28857324e-02  5.18033803e-02  5.92643023e-02
 -1.54668316e-01  8.39593783e-02 -4.37380634e-02 -8.97478536e-02
 -3.35860662e-02  5.50924167e-02 -1.15062840e-01 -3.24501395e-02
  9.09580216e-02 -1.83987036e-01  1.94421694e-01  1.48885369e-01
 -6.99382052e-02  1.30363807e-01  4.71689738e-02  2.77547017e-02
  1.71212330e-02  2.93754973e-03 -9.15231034e-02 -1.21976562e-01
  5.54702356e-02 -5.14601134e-02  1.01703987e-01  1.08977966e-02