-1.11748099e-01  7.81609938e-02  7.64835402e-02 -1.56033821e-02
 -3.57286111e-02 -8.15376192e-02 -4.37961370e-02 -1.18135273e-01
  1.55997783e-01 -1.24528825e-01  1.37764156e-01 -3.22713964e-02
 -1.74208805e-01 -1.37304828e-01  4.07989137e-04  1.04767896e-01
 -1.00715071e-01 -7.90697783e-02 -5.22253700e-02 -1.32288784e-01
  2.92014629e-02  1.37950219e-02  7.80400932e-02  6.62887320e-02
 -1.33296192e-01 -3.01234126e-01 -1.08912319e-01 -1.18611827e-01
  4.88966331e-02 -1.21307097e-01 -3.51899192e-02 -2.69923289e-03
 -2.18862146e-01 -1.06815279e-01 -8.04590434e-03  6.69411868e-02
  2.56230533e-02  3.76257394e-03  1.26699045e-01 -5.36118913e-03
 -1.31898373e-01 -2.15656199e-02  2.62872428e-02  1.97815582e-01
  1.51490331e-01  1.02337830e-01  1.29485028e-02 -8.89360532e-02
  1.13895215e-01 -1.43463045e-01  3.48336920e-02  7.18294159e-02
  5.31398319e-02  6.59627840e-04  1.34215698e-01 -9.92117673e-02
  5.05619347e-02  6.61218315e-02 -2.11012796e-01  4.10996974e-02
  4.35725972e-02 -3.42919417e-02 -5.40142283e-02  5.30711375e-02
  1.82977334e-01  7.36532733e-02 -3.79963703e-02 -1.39117301e-01
  1.76174685e-01 -1.92795634e-01  2.85519939e-03  1.21965490e-01
 -1.93655677e-02 -1.41899824e-01 -2.74797082e-01  3.45227532e-02
  4.26221400e-01  1.90942243e-01 -1.20972179e-01  6.56063333e-02
 -9.28610563e-02 -2.19586194e-02  1.33583635e-01  2.89730169e-02
 -9.58716720e-02  5.36799356e-02 -5.27014658e-02  6.47958815e-02
  1.07558712e-01  4.63191830e-02 -5.62653616e-02  1.51476994e-01
  6.47860207e-03  6.59352764e-02  3.17834429e-02 -1.32038286e-02
 -1.31476402e-01  2.98749413e-02 -1.06660120e-01 -4.02519330e-02
  1.05357461e-01 -1.53519493e-03  5.84818386e-02  7.75619596e-02
 -1.63110644e-01  1.05730757e-01 -1.61634907e-02 -8.67729560e-02
 -3.95480581e-02  8.84371325e-02 -1.31397218e-01 -6.52182382e-03
  7.92686641e-02 -3.16677064e-01  1.76356584e-01  1.72693774e-01
 -4.90291975e-02  1.28571883e-01  5.19678481e-02  4.94375676e-02
  3.40770967e-02 -4.69803177e-02 -8.15965161e-02 -1.03602178e-01
  7.77483433e-02 -6.14087656e-02  1.37533590e-01 -1.22435316e-02