-1.52097791e-01  2.58084852e-02  3.41937952e-02 -2.57462412e-02
 -6.44327551e-02 -8.44461322e-02 -7.20990635e-03 -8.38581100e-02
  1.73295692e-01 -1.25217885e-01  1.57354653e-01 -5.70161454e-02
 -1.93406731e-01 -1.09479465e-01 -2.04359349e-02  1.18941523e-01
 -8.60497057e-02 -1.14502288e-01 -1.04654267e-01 -1.25672042e-01
  7.14657307e-02 -4.34935130e-02  4.45458554e-02  3.85560356e-02
 -1.51388869e-01 -3.24207187e-01 -1.09037101e-01 -1.01061441e-01
  6.74462989e-02 -8.42871517e-02 -3.21377348e-03  1.34524489e-02
 -2.49321908e-01 -1.05084732e-01  8.21830332e-03  6.83667138e-02
  5.97407036e-02  4.41051740e-03  1.65535390e-01 -2.86680274e-03
 -1.71923861e-01 -3.55016924e-02  4.34227884e-02  1.77774876e-01
  1.48057148e-01  1.38675719e-01  5.35156578e-05 -7.89304525e-02
  1.38910353e-01 -1.97471589e-01  7.15080351e-02  8.29406828e-02
  5.20148389e-02  3.52847110e-03  1.65560484e-01 -8.24865848e-02
  5.70186973e-02  6.15902320e-02 -1.83725268e-01  1.06050782e-02
  2.13291831e-02 -2.88749430e-02 -7.08168447e-02  4.07419307e-03
  1.72753662e-01  9.08557177e-02 -1.36075988e-02 -1.30536184e-01
  2.21173212e-01 -1.82673484e-01  3.09697958e-03  9.58619639e-02
 -3.73768918e-02 -1.20652989e-01 -3.04047018e-01  4.33444306e-02
  4.44408655e-01  1.85053572e-01 -1.27260119e-01  7.03881234e-02
 -3.78226414e-02 -2.22571492e-02  1.48788378e-01  1.58029068e-02
 -9.53187943e-02  4.91517000e-02 -6.49371296e-02  6.27298504e-02
  1.61378354e-01  9.23077762e-03 -4.13914584e-02  1.52351588e-01
 -5.20467758e-04  5.95022812e-02  3.08306552e-02 -6.80603646e-03
 -1.27039969e-01 -9.93981678e-03 -1.25088871e-01 -5.59574775e-02
  1.68741852e-01  6.03869967e-02  4.63936999e-02  8.49272981e-02
 -1.42485768e-01  4.41559069e-02 -5.76666184e-02 -9.19342041e-02
 -6.90991953e-02  5.75601570e-02 -1.10370792e-01 -1.21809244e-02
  4.21332419e-02 -2.29264498e-01  1.85190439e-01  1.54793516e-01
 -8.39501172e-02  9.03143734e-02  7.53097013e-02  1.25031732e-02
  5.64151779e-02 -1.80647802e-02 -9.75709260e-02 -1.26433879e-01
  8.94458741e-02 -3.18943374e-02  1.06788427e-01 -1.97057687e-02