-1.66813448e-01  7.89512694e-02  1.93548016e-03 -1.23577351e-02
 -4.94927689e-02 -1.26975030e-01  5.03647923e-02 -7.70211965e-02
  1.87941968e-01 -3.15437876e-02  1.83118343e-01 -9.16680992e-02
 -2.44397700e-01 -1.15942866e-01  2.82973051e-05  1.34599522e-01
 -1.14649370e-01 -9.23774540e-02 -1.19220927e-01 -1.89267695e-01
  3.55278254e-02  1.81168076e-02  3.58135998e-02  9.07845944e-02
 -1.90462157e-01 -3.01702768e-01 -6.80188686e-02 -1.88444808e-01
 -7.13850185e-03 -1.91710502e-01  9.48087312e-04  5.41485325e-02
 -1.84048682e-01 -1.48911625e-01  3.59436683e-03  8.90021771e-02
 -3.19245458e-02 -3.91176417e-02  1.66883618e-01  4.37525921e-02
 -9.42497626e-02 -2.57700067e-02  2.95923222e-02  3.29588622e-01
  1.51067421e-01  4.19664979e-02  4.06541117e-02 -6.98225051e-02
  1.47712946e-01 -2.05570206e-01  3.64123918e-02  9.24871936e-02
  5.07009290e-02  8.62781610e-03  2.13949054e-01 -1.27450898e-01
  3.11378278e-02  1.15611151e-01 -2.26409376e-01  8.30491483e-02
  9.44204032e-02  2.09019259e-02 -9.38679874e-02 -3.05257905e-02
  1.97236300e-01  1.07399687e-01 -7.01598227e-02 -7.38130361e-02
  1.94250360e-01 -1.44572109e-01 -1.31702032e-02  8.59289616e-02
 -6.72547445e-02 -1.97482377e-01 -2.60261863e-01  7.80223608e-02
  4.23709422e-01  1.58466145e-01 -1.71016783e-01  1.49285747e-02
 -6.53139651e-02  1.09736677e-02  1.64106309e-01 -8.94983532e-04
 -1.01243459e-01  2.50186548e-02 -1.19986661e-01  5.29512689e-02
  1.01189613e-01  4.87107374e-02 -5.41773699e-02  1.53110176e-01
 -7.91549310e-03 -2.75266059e-02  6.90900311e-02 -1.16324266e-02
 -1.99900627e-01  1.49093252e-02 -1.17502674e-01 -4.90611494e-02
  1.45610556e-01 -1.00165166e-01  8.90694931e-03  6.32729083e-02
 -1.08323812e-01  8.84836987e-02 -3.50317708e-03 -4.22834456e-02
 -1.03789367e-01  5.03491722e-02 -1.40581504e-01  2.86648944e-02
  1.08129814e-01 -2.75870860e-01  1.86793700e-01  1.38371468e-01
 -1.02129668e-01  1.17383383e-01  2.21647527e-02  4.73226793e-02
 -1.65006667e-02  1.40698981e-02 -1.11900285e-01 -9.05074552e-02
  5.49103096e-02  1.47603489e-02  7.66922683e-02 -1.93348210e-02