-8.90236273e-02  4.18683812e-02 -6.79585198e-03 -9.48282182e-02
 -1.05724253e-01 -1.44816283e-02 -4.13921326e-02 -1.00044049e-01
  1.33566275e-01 -9.66624022e-02  1.91212192e-01  4.15879861e-03
 -2.31887624e-01 -1.52136475e-01  7.24576488e-02  9.63318720e-02
 -1.72600821e-01 -2.13687927e-01  4.17580269e-03 -6.76542893e-02
  2.16045491e-02  2.64819581e-02  2.87142247e-02  6.89587444e-02
 -2.02113003e-01 -3.70926112e-01 -5.41258976e-02 -1.67884752e-01
  4.86121029e-02 -8.17243531e-02 -1.80631205e-02  4.99635078e-02
 -1.94034219e-01 -4.52454314e-02  1.61434002e-02  1.07545868e-01
 -3.94351594e-03 -2.97579691e-02  2.13702723e-01  3.37169841e-02
 -1.83374748e-01 -1.91137306e-02  7.11233541e-02  2.72266537e-01
  1.51245072e-01  6.17574304e-02  3.62946615e-02  3.57115716e-02
  1.39531210e-01 -2.91352540e-01  1.01855829e-01  1.06424250e-01
  1.02614701e-01  9.18982737e-03  1.15657657e-01 -1.94013640e-01
  2.57125981e-02  2.86519732e-02 -2.70016611e-01  8.51849467e-02
  1.91774666e-02 -1.68057866e-02 -3.82726826e-03 -1.57538429e-02
  2.86858112e-01  1.07898973e-01 -8.18720907e-02 -7.71051794e-02
  1.39087856e-01 -1.94082841e-01 -9.80752930e-02  4.35355902e-02
 -1.13126762e-01 -1.29404843e-01 -3.40725392e-01  1.07362494e-03
  3.12329471e-01  1.76448584e-01 -1.73186392e-01  6.59759045e-02
 -2.64932588e-02  3.19960527e-04  8.84910375e-02 -4.93173115e-03
 -8.85145664e-02  8.10811669e-02 -1.37411848e-01  6.89391792e-03
  2.06329182e-01  2.79444233e-02 -6.76353052e-02  2.15707809e-01
  1.48977069e-02  7.29412436e-02  1.18230030e-01  4.11741659e-02
 -9.73689705e-02 -1.10305399e-01 -1.71111822e-01 -3.19699384e-02
  4.67454083e-02 -6.46736696e-02  1.25155542e-02  1.30896121e-01
 -1.98433578e-01  1.25893310e-01 -2.82579586e-02 -6.16329163e-02
 -1.00685991e-01  7.70405084e-02 -1.43017441e-01 -4.09885533e-02
  1.02920577e-01 -2.50591695e-01  2.04558581e-01  1.77367508e-01
  2.33905911e-02  1.51407450e-01  7.47787878e-02 -4.88350242e-02
 -6.73235357e-02 -2.76239477e-02 -1.11752093e-01 -1.46242261e-01
  4.66426127e-02 -3.15621234e-02  1.34678543e-01  8.17077607e-02