-0.13052304  0.07692157  0.02885222 -0.02719776 -0.05091119 -0.05075493
 -0.06143416 -0.07250127  0.07616647 -0.08461577  0.18295905 -0.02892381
 -0.2556836  -0.11039071  0.0239765   0.11898267 -0.16268772 -0.13207474
 -0.05501323 -0.03253987  0.04286156 -0.06672227  0.05790369  0.0189099
 -0.15958099 -0.36646295 -0.10085543 -0.08130542  0.04411527 -0.05620945
 -0.04321833  0.05280149 -0.17685238 -0.04142201  0.03671376  0.12890835
  0.06539238  0.03265264  0.2316252  -0.01517447 -0.16310395 -0.00084042
  0.0508434   0.28668579  0.19901404  0.10206016 -0.02279868  0.02504238
  0.09972382 -0.27299708  0.07529946  0.10572629  0.08774061  0.02092804
  0.09912054 -0.13707998  0.04683738  0.02963383 -0.20581256  0.01237279
  0.00087857 -0.11777986 -0.04670034 -0.05330442  0.22665007  0.09452286
 -0.10090366 -0.08780992  0.15052955 -0.17222187  0.01765511  0.03733382
 -0.10813568 -0.10773975 -0.34915626  0.00352545  0.36943883  0.19233765
 -0.19644141  0.04019743 -0.00486143 -0.04066793  0.11342891  0.03319135
 -0.08819903  0.05545205 -0.11628655  0.06465707  0.16021074 -0.01739698
 -0.04435366  0.17640798  0.00898502  0.11238373  0.06581073  0.01573895
 -0.07062297 -0.09899475 -0.18588482  0.00150302  0.07170297 -0.06222156
  0.02258308  0.12319514 -0.14895266  0.05739692 -0.01203232 -0.04361693
 -0.05195386  0.07596692 -0.134142   -0.06260464  0.10408177 -0.24771476
  0.16576894  0.23002008 -0.04914876  0.08002408  0.07805851  0.00902379
 -0.02295011  0.0178169  -0.11620965 -0.11482784  0.04009545 -0.02636834
  0.11713045  0.02905848