-0.11908279  0.04910821  0.01883473 -0.10324315 -0.09673442 -0.07577847
 -0.04664776 -0.02775954  0.15070218 -0.09466439  0.19713971 -0.00364998
 -0.22603415 -0.10937104 -0.00905566  0.13565046 -0.18359919 -0.12421636
 -0.02025116  0.04286218  0.07736281  0.06204821  0.05684466  0.07981056
 -0.1209165  -0.3655386  -0.06221857 -0.08608109  0.00766087 -0.00726239
 -0.01627256  0.06649605 -0.17680699 -0.06392848  0.06910527  0.17219147
 -0.03974068  0.041056    0.22981752  0.03730552 -0.23866078  0.00455764
  0.05912808  0.29244366  0.1811697   0.10672526 -0.00537607 -0.02151876
  0.13737927 -0.32104054  0.0955642   0.11385324  0.13293308  0.01993948
  0.11739669 -0.18788657  0.04456071  0.11731063 -0.26748046  0.04398108
 -0.00984098 -0.08939768  0.03367955 -0.03851664  0.2549617   0.10373303
 -0.12157277 -0.10827862  0.16877021 -0.21203224 -0.06193901  0.09497683
 -0.07953898 -0.15464446 -0.34462145 -0.02259384  0.33786556  0.16852884
 -0.1800199   0.0398045   0.01184331 -0.02117955  0.0964651   0.06694199
 -0.06801906  0.05303011 -0.12930481 -0.04589328  0.18135244 -0.02624638
 -0.04754269  0.21939434  0.04933186  0.10630164  0.09170881 -0.01710474
 -0.06928796 -0.06329764 -0.21495308  0.01138409 -0.03531273 -0.08727463
 -0.00737121  0.08741259 -0.16474628  0.10391761 -0.02319682 -0.07080197
 -0.09635434  0.06283943 -0.14628048 -0.06320743  0.10726527 -0.25412932
  0.25088483  0.17794405  0.01716175  0.17234388  0.09669785  0.00674897
 -0.02386893 -0.02553149 -0.10391175 -0.11649723  0.07170432 -0.0490486
  0.15788035  0.04105216