-0.13023616  0.04301712  0.00219875 -0.03874675 -0.02834928 -0.01611845
 -0.04435665 -0.11171981  0.09749226 -0.09011602  0.19579221 -0.00511395
 -0.28477183 -0.21673197  0.06200282  0.12041339 -0.12513149 -0.19816558
 -0.07334036 -0.00878512  0.05887495  0.0036121   0.07410667  0.07694645
 -0.18606478 -0.39723605 -0.104057   -0.12294754  0.01826768 -0.0495767
 -0.06734102  0.07229137 -0.20399992 -0.05846504  0.07064834  0.13375106
  0.04282927  0.05386579  0.23022313 -0.00662792 -0.22967622 -0.01305809
  0.06871909  0.27168599  0.19036497  0.05149852  0.02504061  0.00757078
  0.07531464 -0.26587704  0.11905608  0.14062743  0.12499609  0.02323218
  0.13105318 -0.18329945  0.00076563  0.07192269 -0.21475697  0.04898298
 -0.01557623 -0.12085696 -0.04031388 -0.0096618   0.24322756  0.1108996
 -0.12054946 -0.17640662  0.18402714 -0.17318526 -0.00787203  0.11465742
 -0.13198243 -0.10659402 -0.35897985 -0.00916639  0.39817202  0.13074468
 -0.23083965  0.08404267 -0.08305994 -0.03632306  0.06526329  0.04274409
 -0.05560083  0.08626933 -0.12836574  0.05227804  0.15849064  0.02204024
 -0.04261626  0.20520948  0.01034417  0.09045909  0.12886727  0.0465822
 -0.07760228 -0.11128891 -0.16729856 -0.02269521  0.02688515 -0.06205064
  0.03608615  0.12114909 -0.14332806  0.11907902 -0.0145114  -0.0218692
 -0.05810566  0.06916289 -0.11208802 -0.04832913  0.08100727 -0.31251764
  0.20707518  0.14986029 -0.02204721  0.10151466  0.05520791  0.02742895
 -0.03915683 -0.02282916 -0.14984064 -0.10733425  0.06711051 -0.05092414
  0.1316286   0.03983947