-1.23340815e-01  3.41110788e-02 -2.19395235e-02 -8.90342742e-02
 -7.96697512e-02 -4.06639613e-02 -8.67672637e-03 -4.12438437e-02
  1.39129966e-01 -8.07922781e-02  2.16946527e-01 -7.16510937e-02
 -2.17707917e-01 -1.25198707e-01  5.57766110e-03  1.78512022e-01
 -1.48423642e-01 -1.48511261e-01 -8.60671625e-02 -3.63937989e-02
 -7.95490295e-03  3.53792496e-02  2.61374526e-02  1.23001188e-01
 -1.67891070e-01 -3.41878384e-01 -1.01343028e-01 -1.42030194e-01
 -4.87536192e-02 -8.63151997e-02 -8.18749070e-02  1.36855543e-01
 -1.22262359e-01 -6.43170848e-02  5.89403622e-02  1.47216037e-01
 -3.16018872e-02 -2.18450604e-03  2.15394080e-01  7.76388571e-02
 -1.96489036e-01 -2.24405583e-02  9.38809067e-02  2.85013407e-01
  2.13328913e-01  6.16190024e-02 -3.44715565e-02  2.25139372e-02
  1.45114660e-01 -2.62562156e-01  8.65645707e-02  9.57455784e-02
  1.04641207e-01  8.63996819e-02  1.33752882e-01 -1.55351937e-01
  8.58458038e-03  1.49798468e-01 -2.42115647e-01  1.70011651e-02
 -8.06345418e-02 -1.07494727e-01 -1.26969852e-02 -4.68335599e-02
  2.69211262e-01  1.88043877e-01 -1.37976587e-01 -8.11984688e-02
  2.02014863e-01 -1.35223895e-01 -8.51995870e-02  7.64843374e-02
 -1.23210832e-01 -1.45205796e-01 -3.41999620e-01  4.95302677e-02
  3.49487305e-01  1.38353109e-01 -1.81235909e-01  1.17917079e-02
  3.89401540e-02 -7.14347288e-02  5.95034100e-02  8.54230300e-02
 -1.16958842e-01  3.17923389e-02 -8.75321925e-02 -1.88754871e-02
  1.41825661e-01  3.87829542e-02 -7.44583234e-02  2.00396672e-01
 -4.80699278e-02  1.07099041e-01  1.16493076e-01  6.41270876e-02
 -8.43587667e-02 -7.40954652e-02 -1.76829845e-01 -3.24771143e-02
  6.50353655e-02 -1.05723411e-01 -3.20970379e-02  1.00188360e-01
 -1.07359439e-01  7.71204755e-02 -1.49143226e-02 -2.86869705e-02
 -1.25370234e-01  4.93084565e-02 -1.11682020e-01  1.11433212e-02
  1.11917600e-01 -2.64843255e-01  2.04606831e-01  1.20945811e-01
 -3.45475115e-02  1.35307372e-01  9.94445682e-02 -4.94682137e-03
 -4.46506590e-02 -6.28000423e-02 -1.25805125e-01 -9.38692167e-02
  1.49352059e-01  4.86415811e-05  1.45369843e-01  5.15940785e-02