-8.83962587e-02  1.34751916e-01  1.34329861e-02 -8.99559706e-02
 -6.17836006e-02 -3.86283249e-02 -3.30734104e-02 -4.64204364e-02
  1.20707579e-01 -5.79307936e-02  2.41974324e-01  3.62416133e-02
 -2.57002145e-01 -1.62460625e-01  8.42257217e-03  1.50724024e-01
 -1.77650720e-01 -1.68077871e-01 -2.39347797e-02 -3.16588879e-02
  6.29849061e-02 -9.37519222e-03  2.53672488e-02  2.05287170e-02
 -1.42190352e-01 -3.65875244e-01 -5.25489599e-02 -1.04304254e-01
  4.40008566e-02 -4.36239019e-02 -1.01933451e-02  9.61988494e-02
 -1.53701976e-01 -4.97578606e-02  5.73520511e-02  1.08832881e-01
 -2.96111237e-02  4.99794669e-02  2.33682320e-01  5.80832250e-02
 -1.98734492e-01  1.71998087e-02  8.41451585e-02  3.02100569e-01
  1.60328627e-01  7.57725388e-02  5.22989184e-02 -1.20877782e-02
  1.20926887e-01 -2.88042694e-01  7.85530657e-02  1.35873020e-01
  1.34115428e-01  5.62563129e-02  1.24505319e-01 -1.75355986e-01
  5.10667190e-02  7.93494210e-02 -2.69831359e-01  6.95598125e-02
  1.20335845e-02 -1.01234734e-01 -5.43233603e-02 -4.15598648e-03
  2.82574773e-01  1.07533641e-01 -1.30939931e-01 -8.79836604e-02
  2.34838873e-01 -1.06440052e-01 -8.30917582e-02  8.40590298e-02
 -8.84645805e-02 -1.25530168e-01 -3.16282749e-01  4.38304171e-02
  3.56628686e-01  1.73906028e-01 -1.71410039e-01  5.99802434e-02
 -2.80167740e-02 -2.64034793e-02  7.00509623e-02  4.23616841e-02
 -1.45823255e-01  5.72442152e-02 -1.26796305e-01  8.54195189e-03
  1.54425606e-01  2.62384918e-02 -5.97628169e-02  2.24371806e-01
  4.16078120e-02  1.45221338e-01  8.24250206e-02  5.04993461e-02
 -8.52017030e-02 -9.43907425e-02 -2.26412296e-01 -7.46746734e-02
  6.61847740e-02 -1.07167244e-01  2.40751076e-04  1.30330458e-01
 -1.55725315e-01  9.52700973e-02 -1.06009599e-02 -1.33107444e-02
 -8.86446461e-02  8.79675075e-02 -8.00035372e-02 -1.70573145e-02
  6.46375045e-02 -2.52775908e-01  2.52135277e-01  1.87116921e-01
  3.06869410e-02  8.57848227e-02  1.50311559e-01 -6.36380166e-02
 -4.69480641e-03 -1.25132337e-01 -1.32977560e-01 -1.31270409e-01
  6.96323365e-02 -4.18296717e-02  1.17162332e-01  5.26540950e-02