-0.10532743  0.06778742 -0.03590659 -0.0988471  -0.03287639 -0.08353774
 -0.0064797  -0.07836667  0.16234827 -0.06688444  0.19228463 -0.01230814
 -0.1774873  -0.22265755  0.01565563  0.1139318  -0.17256624 -0.1224295
 -0.08970827 -0.01865659  0.0416618  -0.00300599  0.06133688  0.13879804
 -0.13146162 -0.33931839 -0.0535183  -0.17361882 -0.01250285 -0.07102327
 -0.0513123   0.0545865  -0.21053201 -0.12752387  0.01517668  0.11568464
 -0.05456721  0.03848041  0.18707606  0.04467614 -0.1896812  -0.03629101
  0.04324867  0.28363124  0.21142757  0.0700305  -0.03265283  0.01259345
  0.13615465 -0.30392268  0.06744073  0.12826851  0.13700855  0.05209254
  0.08843581 -0.12200273  0.07179848  0.07712235 -0.29305235  0.01040271
 -0.02986997 -0.08360507 -0.05186942  0.03001144  0.25696146  0.18186451
 -0.10020329 -0.07698627  0.14740375 -0.20456983 -0.02364603  0.08295601
 -0.07517873 -0.17742038 -0.28345352 -0.00452731  0.36505994  0.1933267
 -0.19134644  0.00662056 -0.12769328 -0.02627751  0.10743731  0.00545031
 -0.08297686  0.0664766  -0.09746711  0.00911791  0.11820325 -0.01092425
 -0.04799091  0.22614475  0.03706207  0.06727423  0.09266163 -0.03839312
 -0.05680775 -0.02492204 -0.17987855 -0.011095    0.03092735 -0.0663866
  0.0137588   0.03595003 -0.16995986  0.11329364  0.05310668 -0.0537267
 -0.04564906  0.02718579 -0.13501489 -0.08418725  0.09869952 -0.24286135
  0.24662165  0.16559771  0.0053285   0.15876198  0.05919508 -0.00659137
 -0.02977003 -0.0891952  -0.07906573 -0.06566758  0.11696383 -0.02370651
  0.13292529 -0.01758979