-0.15386085  0.0496082  -0.02436671 -0.06727798 -0.04102997 -0.04632862
 -0.05899364 -0.10570011  0.1046737  -0.1043789   0.19737047 -0.05555905
 -0.28080198 -0.14385371  0.00778635  0.13454968 -0.16946071 -0.17659402
 -0.02453719 -0.03334849  0.02562306 -0.01299992  0.05657022  0.04261309
 -0.14672188 -0.3713184  -0.09204581 -0.14300041  0.01562817 -0.03760109
 -0.06654253  0.06637502 -0.17221501 -0.0589623   0.05097388  0.15481876
  0.04330701  0.03611785  0.236185    0.04196732 -0.1717705  -0.01676201
  0.0700711   0.30156663  0.1939429   0.04846733 -0.00492165  0.03404398
  0.09364624 -0.29401001  0.0735288   0.10162538  0.14244314  0.03791089
  0.10507705 -0.14667439  0.03425601  0.07367877 -0.24131352  0.05629692
  0.03501195 -0.08160654 -0.01232388  0.03401029  0.30112809  0.12214455
 -0.14927933 -0.07405828  0.19692126 -0.13873927 -0.03119445  0.04454478
 -0.10686788 -0.12144908 -0.32960835  0.03159572  0.36783618  0.14679262
 -0.1814715   0.03817242 -0.05369793 -0.04593746  0.07549694  0.02175071
 -0.08711036  0.04923897 -0.13408673  0.02055754  0.17067644  0.02423836
 -0.06016595  0.19857508 -0.00253078  0.10758222  0.10717747  0.09425528
 -0.0814458  -0.12359396 -0.19714589 -0.01855293  0.03872511 -0.09997921
  0.00517828  0.13741088 -0.1410235   0.07616503 -0.02789908 -0.05827792
 -0.10422875  0.06400319 -0.09150103 -0.01247814  0.07650971 -0.27086416
  0.19129281  0.1808417   0.00627714  0.11005311  0.07691788 -0.0542213
 -0.00999224 -0.0362369  -0.1260127  -0.16067612  0.02868602  0.00479875
  0.11806749  0.07133107