-0.172731    0.08525497  0.04209147 -0.07404281 -0.02156033 -0.06925348
 -0.04320651 -0.09696513  0.08914135 -0.09777205  0.24357019 -0.02921037
 -0.25652599 -0.1798546   0.03130894  0.10515006 -0.12129394 -0.17212075
 -0.06809185 -0.02139235  0.04069676 -0.02101764  0.01437162  0.06204871
 -0.12617986 -0.38988993 -0.0944742  -0.08996199  0.01010612 -0.0505557
 -0.08930784  0.04789761 -0.24066398 -0.07223253  0.03575605  0.13274118
  0.02220512  0.03272798  0.18669568  0.00443818 -0.20615664 -0.08500636
  0.11795847  0.23929639  0.20505656  0.04514366  0.0086383   0.00480728
  0.07115057 -0.27982536  0.14508832  0.13183479  0.1635665   0.06454913
  0.13209923 -0.14851573  0.00556259  0.08314447 -0.21027876  0.06352548
  0.01769925 -0.12511614 -0.08626452 -0.01119611  0.24605258  0.16253376
 -0.11668791 -0.14237164  0.21599923 -0.18055041 -0.05094291  0.07930486
 -0.0828172  -0.14871994 -0.37234005  0.07240783  0.3702772   0.19654021
 -0.18365146  0.08132771 -0.0558316  -0.06263062  0.08103793  0.05821596
 -0.09077431  0.09300696 -0.08706199  0.06595424  0.16548117  0.05411521
 -0.05310664  0.19117208 -0.03269748  0.08353151  0.10037819  0.05484405
 -0.03218646 -0.10083679 -0.17982088 -0.00227353  0.05241469 -0.09030114
 -0.00915559  0.12143479 -0.15538707  0.04626749 -0.0090826  -0.04877988
 -0.05710141  0.03596865 -0.0862889  -0.06127565  0.04174891 -0.28715783
  0.22401866  0.15374058 -0.0074273   0.12348233  0.0869862   0.00990489
  0.05916828 -0.09491222 -0.11051639 -0.12155527  0.07576792 -0.01885531
  0.11282118  0.04467361