-9.56270173e-02  4.94626984e-02 -3.15922312e-03 -9.14204642e-02
 -4.76424955e-02 -7.88685828e-02 -3.84169370e-02 -7.50193000e-02
  1.37911126e-01 -1.14199102e-01  1.84756711e-01 -4.63211276e-02
 -1.75896987e-01 -1.54948801e-01  1.32476073e-03  1.73607394e-01
 -1.23026811e-01 -1.77404627e-01 -3.94772589e-02  9.10945237e-05
  4.44095209e-02 -8.24691169e-03  2.62490064e-02  1.18985228e-01
 -1.34619325e-01 -3.79994601e-01 -5.83692156e-02 -1.17463559e-01
  1.03564057e-02 -1.88010149e-02 -4.32800278e-02  1.44496024e-01
 -1.78760916e-01 -2.02733837e-02  4.67068441e-02  1.63104922e-01
 -2.40347954e-03  5.62215149e-02  1.87928662e-01  4.87574488e-02
 -2.40373224e-01 -1.96425840e-02  5.57773709e-02  2.68665522e-01
  1.72355413e-01  3.97296138e-02  2.30826214e-02  1.25810616e-02
  7.97156021e-02 -2.72238016e-01  5.85804917e-02  1.13075860e-01
  1.11875802e-01  3.79755348e-02  1.05740815e-01 -1.64287657e-01
  6.42086491e-02  3.34936343e-02 -2.99603194e-01  3.82907540e-02
 -2.24856958e-02 -8.71915892e-02 -7.30247796e-02 -5.00177080e-03
  2.61138409e-01  1.86717182e-01 -9.48794782e-02 -1.30321026e-01
  2.45060116e-01 -1.98078871e-01 -1.36479847e-02  9.09502357e-02
 -1.03670821e-01 -1.29318029e-01 -3.01646858e-01 -3.29518653e-02
  3.32089514e-01  1.62615746e-01 -1.64748862e-01  7.39406347e-02
 -2.30534356e-02 -1.30137429e-02  6.37091175e-02  1.65000930e-02
 -9.71387550e-02  7.90825486e-02 -8.67865756e-02  2.61356868e-02
  1.31350011e-01  2.14816146e-02 -4.64142188e-02  1.94314986e-01
 -4.46375459e-04  6.49408102e-02  8.87953639e-02  9.55264829e-03
 -4.00880091e-02 -6.64329901e-02 -1.90747797e-01 -3.34226824e-02
  2.30758246e-02 -1.00096323e-01  9.55709442e-03  9.25118402e-02
 -1.79001227e-01  1.08662017e-01 -1.66294128e-02 -2.85522342e-02
 -6.33112639e-02  1.32534713e-01 -1.26366436e-01 -4.93772477e-02
  9.78279412e-02 -2.26349205e-01  2.38505229e-01  1.64232120e-01
  2.10591964e-02  9.78019238e-02  7.10351840e-02  5.29774465e-04
 -2.36254185e-02 -9.47562978e-02 -1.20326683e-01 -8.90517458e-02
  6.00625053e-02 -6.98088184e-02  9.32352245e-02  5.19080609e-02