-0.15905476  0.06136655  0.01172025  0.01057046 -0.03907833 -0.10993252
 -0.07578803 -0.13041122  0.1017502  -0.1316099   0.19962369 -0.05560805
 -0.1958331  -0.10980858 -0.00890854  0.13993579 -0.21463212 -0.14286165
 -0.01406456  0.03618059  0.02455626 -0.09354799  0.06895012  0.06853066
 -0.11449391 -0.39194778 -0.09725721 -0.08411747  0.04049439 -0.05327619
 -0.05078684  0.10409669 -0.13328797 -0.01286312  0.03660631  0.14080955
 -0.0096368   0.04526243  0.28562164  0.006258   -0.18934639 -0.02013116
  0.05278291  0.31297711  0.233858    0.0537808   0.00318122 -0.02094819
  0.13419758 -0.26087716  0.04206281  0.1131715   0.17056771  0.04182949
  0.06547625 -0.15286352  0.04023743  0.07600386 -0.16896679  0.07274367
  0.04091375 -0.1578874  -0.04538214  0.01879427  0.2717689   0.11357724
 -0.12501468 -0.11059437  0.1537562  -0.16601536 -0.03325946  0.04282911
 -0.10749266 -0.16293198 -0.32740712 -0.02100617  0.33169201  0.13168684
 -0.1672063   0.0532176  -0.0062514  -0.04503099  0.08281663  0.10749564
 -0.13312553 -0.00376428 -0.11395552 -0.00105087  0.16968302  0.00041319
 -0.04239639  0.1536254  -0.00785567  0.11647309  0.04447149 -0.04047859
 -0.05609931 -0.04154094 -0.17659347 -0.02261724  0.0274399  -0.08855288
  0.01840681  0.0947156  -0.18193519  0.08223228 -0.01582419  0.00273302
  0.01223617  0.0690856  -0.15475331 -0.04656072  0.09280505 -0.26866293
  0.2118208   0.21512617  0.06505733  0.10613956  0.11511727  0.00521541
  0.01330299  0.04696055 -0.12731063 -0.0391149   0.06210745 -0.02245192
  0.08669662  0.01655116